app             coverage     reach     wired  resolves     bound     forms  composite   dupes
---------------------------------------------------------------------------------------------
4v35xahc             8.0      12.5       —         —         —         —         10.2       0
qm97y23x             4.3      16.7       —         —         —         —         10.5       0
zhebvtqk            80.0      62.5       —         —         —         0.0       47.5       0
9y8de8i7            85.7      50.0      33.3     100.0     100.0      50.0       69.8       0
cl196wu7           100.0      18.9     100.0     100.0     100.0      78.6       82.9       0
ugsy63ed           100.0      52.8      80.6      94.1     100.0      73.1       83.4       0
2nm694lt           100.0      27.0     100.0      98.6     100.0      77.8       83.9       0
igi1eqs7           100.0      28.2      90.5     100.0     100.0      87.0       84.3       0
fleet-yoga-boo     100.0      49.1      71.4      96.2     100.0      90.0       84.5       0
fleet-commerce     100.0      45.3      69.3     100.0     100.0      92.6       84.5       4
fleet-banking      100.0      28.2      86.3      97.8     100.0      95.5       84.6       0
5h0d3wlg           100.0      31.6     100.0      98.3     100.0      78.8       84.8       0
pgekhw4o           100.0      19.2     100.0      96.4     100.0      97.0       85.4       0
vpvu0m2y           100.0      33.3      92.1      97.3     100.0      90.5       85.5       0
2seyiw4q           100.0      49.1     100.0      94.6     100.0      70.4       85.7       0
dxlc5m31           100.0      43.9      93.0      86.0     100.0      91.7       85.8       0
cn14gp4w           100.0      40.5      97.4     100.0       —        90.9       85.8       0
90cx1h1u           100.0      41.1     100.0      98.3     100.0      76.7       86.0       0
0ppltqf4           100.0      44.8     100.0      76.2      95.2     100.0       86.0       0
1j4mefbe           100.0      46.2     100.0     100.0     100.0      72.0       86.4       0
4noe2jyh           100.0      25.8     100.0      98.7     100.0      94.1       86.4       2
atb0m97x           100.0      63.2      68.2     100.0     100.0      90.0       86.9       1
fleet-leave-ma     100.0      55.0      80.0     100.0     100.0      87.5       87.1       0
geu60wr9           100.0      46.9     100.0     100.0     100.0      75.9       87.1       0
x5sqxslf           100.0      59.3      87.0     100.0     100.0      76.9       87.2       0
fleet-doc-inte     100.0      63.2      73.1     100.0     100.0      90.9       87.9       2
gklk8txo           100.0      45.9      96.1      94.2     100.0      90.9       87.9       0
n5uacbrt           100.0      57.1     100.0     100.0     100.0      71.4       88.1       0
1dug1730           100.0      50.0     100.0      95.3     100.0      88.9       89.0       0
dz6jba0x           100.0      65.0     100.0      94.1       —        88.9       89.6       0
2vp5ac5i           100.0      50.9     100.0      93.7     100.0      96.2       90.1       0
5u9du8jt           100.0      90.2      57.8     100.0     100.0      93.8       90.3       2
lgmp7oat           100.0      86.1      80.0     100.0     100.0      78.9       90.8       0
xnoo9mrj           100.0      67.7     100.0      92.1     100.0      87.5       91.2       0
k2d0nnwi           100.0      76.8      99.0      97.2     100.0      76.0       91.5       0
blazpx6a           100.0      59.1     100.0     100.0     100.0      92.0       91.8       2
zg2d7vag           100.0      63.6     100.0      95.6     100.0      92.3       91.9       0
6fbql9rs           100.0      59.2     100.0      96.1     100.0      96.8       92.0       0
g5g6wxf4           100.0      90.4      94.5      97.5      72.0      97.7       92.0       5
5r9ahdfk           100.0      75.9      81.4      98.7     100.0      96.3       92.1       2
grr9mehp           100.0      63.4     100.0      95.6     100.0      94.7       92.3       0
49w6y3nd           100.0      89.2      73.9      91.5     100.0     100.0       92.4       3
ft2g6a87           100.0      84.6     100.0      98.0     100.0      74.1       92.8       0
pkiuqdrq           100.0      81.6      79.5     100.0     100.0      95.7       92.8       0
qd4ckwvg           100.0      61.9      97.0      98.5     100.0     100.0       92.9       0
fleet-recruitm     100.0      68.2      91.8      97.9     100.0     100.0       93.0       2
vg3fam37           100.0      69.0      98.3      95.0     100.0      95.7       93.0       0
wse48rj9           100.0      77.5     100.0      96.6       —        91.3       93.1       0
kkd1zh6a           100.0      82.3      80.2     100.0     100.0      97.0       93.2       0
nni3wjf6           100.0      65.9     100.0      94.0     100.0     100.0       93.3       0
x4fcmdyi           100.0      91.1      78.1      94.7     100.0      96.2       93.3       3
gds867dc           100.0      62.5     100.0      97.8     100.0     100.0       93.4       0
6q7oqejv           100.0      87.7      80.7      97.8     100.0      97.1       93.9       0
i6zsvtov           100.0      76.5      95.8      95.8     100.0      95.5       93.9       0
45gmcnlc           100.0      74.6     100.0      96.3     100.0      94.1       94.2       0
3ncq1pky           100.0      74.4     100.0     100.0     100.0      95.0       94.9       0
cwx1stzz           100.0      97.0      76.6     100.0     100.0      96.0       94.9       2
5rm2w83t           100.0      83.3     100.0      95.2     100.0      91.7       95.0       0
qzdvdmje           100.0      78.0     100.0      97.9     100.0      96.9       95.5       0
4ct3h8z2           100.0      80.0      98.6      98.7     100.0      96.4       95.6       0
facp2lcu           100.0      79.6     100.0      98.8     100.0      95.7       95.7       0
hn7kysai           100.0      82.9      98.1      98.1     100.0      95.2       95.7       0
z99vp407           100.0      95.5      85.1      98.5     100.0      95.8       95.8       2
ybbc855k           100.0      76.3     100.0     100.0     100.0     100.0       96.1       0
4b2n2acp           100.0      78.8     100.0      98.0     100.0     100.0       96.1       0
xoiz4i97           100.0      82.0     100.0      98.7     100.0      96.4       96.2       0
uuegg9u9           100.0      84.4     100.0      97.8     100.0      95.0       96.2       0
vulbzsi0           100.0      86.8     100.0      97.6     100.0      92.9       96.2       0
v3azan7i           100.0      83.3     100.0      95.0     100.0     100.0       96.4       0
4swvyns0           100.0      80.6     100.0      97.7     100.0     100.0       96.4       0
nn75qh5m           100.0      85.7     100.0      96.6     100.0      96.3       96.4       0
upsvs9w9           100.0      84.3     100.0      98.8     100.0      95.8       96.5       0
viss71iv           100.0      85.5     100.0      97.8     100.0      97.0       96.7       0
zxnb9rh2           100.0      88.7     100.0      95.3     100.0     100.0       97.3       0
tr7rfk34           100.0      90.0     100.0     100.0     100.0     100.0       98.3       0
_s5_verify           —         —         —         —         —         —          —         0   (no page schemas)
---------------------------------------------------------------------------------------------
POOLED              97.4      66.2      93.0      96.8      98.7      91.5       88.1      32

76 app(s) scored; rates are percentages.

Most common failure shapes:
    366  reach: /X/X is an orphan (no menu entry, no parent page)
    190  reach: /X is an orphan (no menu entry, no parent page)
    189  reach: /X/*/X is an orphan (no menu entry, no parent page)
    143  wired: /X: 'X' has no action
    111  reach: /X/* is an orphan (no menu entry, no parent page)
     91  wired: /X/X: 'X' has no action
     90  forms: /X: form has no submit target
     75  reach: /*/X is an orphan (no menu entry, no parent page)
     62  reach: /*/*/X is an orphan (no menu entry, no parent page)
     59  reach: /X/X/*/X is an orphan (no menu entry, no parent page)
     59  wired: /X/X/X: 'X' has no action
     54  reach: /X/X/X is an orphan (no menu entry, no parent page)

wrote ../docs/scoreboard/baseline-2026-08-25.json
